	MERGE INTO [auth].[AccountAuthorization] AS target
USING (VALUES
    (6342, 16, 1), (6342, 17, 1), (6342, 39, 1),
    (6947, 16, 1), (6947, 17, 1), (6947, 39, 1),
    (7254, 16, 1), (7254, 17, 1), (7254, 39, 1),
    (7819, 16, 1), (7819, 17, 1), (7819, 39, 1),
    (8372, 16, 1), (8372, 17, 1), (8372, 39, 1),
    (10090, 16, 1), (10090, 17, 1), (10090, 39, 1),
    (16876, 16, 1), (16876, 17, 1), (16876, 39, 1),
    (17256, 16, 1), (17256, 17, 1), (17256, 39, 1),
    (17526, 16, 1), (17526, 17, 1), (17526, 39, 1),
    (17761, 16, 1), (17761, 17, 1), (17761, 39, 1),
    (20519, 16, 1), (20519, 17, 1), (20519, 39, 1),
    (21637, 16, 1), (21637, 17, 1), (21637, 39, 1),
    (22379, 16, 1), (22379, 17, 1), (22379, 39, 1),
    (24455, 16, 1), (24455, 17, 1), (24455, 39, 1),
    (26156, 16, 1), (26156, 17, 1), (26156, 39, 1),
    (26449, 16, 1), (26449, 17, 1), (26449, 39, 1),
    (27690, 16, 1), (27690, 17, 1), (27690, 39, 1),
    (28358, 16, 1), (28358, 17, 1), (28358, 39, 1),
    (30584, 16, 1), (30584, 17, 1), (30584, 39, 1),
    (32044, 16, 1), (32044, 17, 1), (32044, 39, 1),
    (32448, 16, 1), (32448, 17, 1), (32448, 39, 1),
    (33907, 16, 1), (33907, 17, 1), (33907, 39, 1),
    (35223, 16, 1), (35223, 17, 1), (35223, 39, 1),
    (35739, 16, 1), (35739, 17, 1), (35739, 39, 1),
    (36882, 16, 1), (36882, 17, 1), (36882, 39, 1),
    (36951, 16, 1), (36951, 17, 1), (36951, 39, 1),
    (37666, 16, 1), (37666, 17, 1), (37666, 39, 1),
    (38490, 16, 1), (38490, 17, 1), (38490, 39, 1),
    (39866, 16, 1), (39866, 17, 1), (39866, 39, 1),
    (43330, 16, 1), (43330, 17, 1), (43330, 39, 1),
    (43597, 16, 1), (43597, 17, 1), (43597, 39, 1),
    (44441, 16, 1), (44441, 17, 1), (44441, 39, 1),
    (45229, 16, 1), (45229, 17, 1), (45229, 39, 1),
    (47851, 16, 1), (47851, 17, 1), (47851, 39, 1),
    (48770, 16, 1), (48770, 17, 1), (48770, 39, 1),
    (49013, 16, 1), (49013, 17, 1), (49013, 39, 1),
    (51165, 16, 1), (51165, 17, 1), (51165, 39, 1),
    (53081, 16, 1), (53081, 17, 1), (53081, 39, 1),
    (55274, 16, 1), (55274, 17, 1), (55274, 39, 1),
    (58123, 16, 1), (58123, 17, 1), (58123, 39, 1),
    (58394, 16, 1), (58394, 17, 1), (58394, 39, 1),
    (59219, 16, 1), (59219, 17, 1), (59219, 39, 1),
    (59652, 16, 1), (59652, 17, 1), (59652, 39, 1),
    (60972, 16, 1), (60972, 17, 1), (60972, 39, 1),
    (63550, 16, 1), (63550, 17, 1), (63550, 39, 1),
    (64461, 16, 1), (64461, 17, 1), (64461, 39, 1),
    (65390, 16, 1), (65390, 17, 1), (65390, 39, 1),
    (66359, 16, 1), (66359, 17, 1), (66359, 39, 1),
    (68006, 16, 1), (68006, 17, 1), (68006, 39, 1),
    (70025, 16, 1), (70025, 17, 1), (70025, 39, 1),
    (72170, 16, 1), (72170, 17, 1), (72170, 39, 1),
    (72550, 16, 1), (72550, 17, 1), (72550, 39, 1),
    (74179, 16, 1), (74179, 17, 1), (74179, 39, 1),
    (74180, 16, 1), (74180, 17, 1), (74180, 39, 1),
    (76004, 16, 1), (76004, 17, 1), (76004, 39, 1),
    (80523, 16, 1), (80523, 17, 1), (80523, 39, 1),
    (80849, 16, 1), (80849, 17, 1), (80849, 39, 1),
    (81474, 16, 1), (81474, 17, 1), (81474, 39, 1),
    (81797, 16, 1), (81797, 17, 1), (81797, 39, 1),
    (82772, 16, 1), (82772, 17, 1), (82772, 39, 1),
    (84533, 16, 1), (84533, 17, 1), (84533, 39, 1),
    (88552, 16, 1), (88552, 17, 1), (88552, 39, 1),
    (89463, 16, 1), (89463, 17, 1), (89463, 39, 1),
    (96196, 16, 1), (96196, 17, 1), (96196, 39, 1),
    (96384, 16, 1), (96384, 17, 1), (96384, 39, 1),
    (96929, 16, 1), (96929, 17, 1), (96929, 39, 1),
    (97599, 16, 1), (97599, 17, 1), (97599, 39, 1),
    (97600, 16, 1), (97600, 17, 1), (97600, 39, 1),
    (97601, 16, 1), (97601, 17, 1), (97601, 39, 1),
    (104309, 16, 1), (104309, 17, 1), (104309, 39, 1),
    (107930, 16, 1), (107930, 17, 1), (107930, 39, 1),
    (108581, 16, 1), (108581, 17, 1), (108581, 39, 1)
) AS source ([AccountId], [AuthorizationId], [Enabled])
ON target.[AccountId] = source.[AccountId] AND target.[AuthorizationId] = source.[AuthorizationId]
WHEN NOT MATCHED THEN
    INSERT ([AccountId], [AuthorizationId], [Enabled])
    VALUES (source.[AccountId], source.[AuthorizationId], source.[Enabled]);
